00 0000000000000000000000000000000000000000
01 0000000000000000000000000000000000000000
02 0000000000000000000000000000000000000000
03 0000000000000000000000000000000000000000
04 0000000000000000000000000000000000000000
05 0000000000000000000000000000000000000000
06 0000000000000000000000000000000000000000
07 593a47af2358162debc149f7f5e12fff339ee7c0
08 0000000000000000000000000000000000000000
09 0000000000000000000000000000000000000000
10 0000000000000000000000000000000000000000
11 0000000000000000000000000000000000000000
12 0000000000000000000000000000000000000000
13 0000000000000000000000000000000000000000
14 0000000000000000000000000000000000000000
15 0000000000000000000000000000000000000000
